1.45346
1.225649
3.2973392
2.2398913
3.1072788
1.0205612
0.96300876
2.0244353
3.916486
3.2433362
4.573257
0.86561525
4.1245146
0.75876385
2.8927467
0.30296037
2.8369553
3.0204766
4.139133
3.192104
1.0261047
0.9036745
0.9165737
3.064592
3.2031307
3.3666327
3.1365478
3.6332257
0.79115236
3.2999287
2.6348805
0.90479165
1.4991956
1.4244835
2.5482302
3.2633927
1.3609896
2.9294403
4.257033
0.95352495
2.935663
1.289226
0.75536
1.586493
0.68116647
4.590595
0.72048986
3.2351477
2.5950658
3.0442214
3.4297755
0.9831404
0.7620537
2.9150932
2.7177968
3.6713202
1.225649
3.2973392
2.2398913
3.1072788
1.0205612
0.96300876
2.0244353
3.916486
3.2433362
4.573257
0.86561525
4.1245146
0.75876385
2.8927467
0.30296037
2.8369553
3.0204766
4.139133
3.192104
1.0261047
0.9036745
0.9165737
3.064592
3.2031307
3.3666327
3.1365478
3.6332257
0.79115236
3.2999287
2.6348805
0.90479165
1.4991956
1.4244835
2.5482302
3.2633927
1.3609896
2.9294403
4.257033
0.95352495
2.935663
1.289226
0.75536
1.586493
0.68116647
4.590595
0.72048986
3.2351477
2.5950658
3.0442214
3.4297755
0.9831404
0.7620537
2.9150932
2.7177968
3.6713202
2.9891937
3.793619
4.705206
3.4650137
3.0696003
2.824806
1.366827
2.591855
3.0005257
3.1790457
3.4319947
3.37381
3.185672
4.5248165
3.0857055
3.5131328
2.8749506
4.010418
3.564913
2.9686835
3.2178128
3.1290696
3.4789536
2.8821666
2.086015
3.270376
2.352547
2.6032717
3.1057322
2.6301694
2.9713428
4.0800085
2.3580837
2.9511182
2.4654
3.2059639
4.6074157
3.8574107
3.0913465
2.8216672
4.0985065
2.2837446
2.3974984
2.8280034
2.4102442
2.7323072
3.9997947
3.5998333
3.1937447
3.5843594
2.9220302
1.8763207
2.5820158
3.0422812
3.0836666
3.1159906
3.2545197
3.3255823
2.8927877
2.2751987
2.5696304
3.804476
1.9868908
2.8552492
3.333475
3.8379462
2.7621605
2.903896
3.1980178
2.5031435
3.1046765
4.3589773
1.5533521
3.395539
3.1845138
3.1524975
3.3085694
4.526969
2.8707092
4.59377
3.5033433
2.9739103
3.8599124
3.3013365
3.3895543
2.905985
3.942943
4.484686
3.230586
3.3663855
3.8238888
2.9659467
3.4244068
3.354905
1.0400654
3.2140234
3.225355
4.592256
3.5532708
2.9075634
2.0329049
2.8976243
2.886954
3.0307117
3.519871
2.807781
2.2318847
3.3416116
4.6801105
2.7922556
2.8061996
3.3972766
2.9172943
2.780705
3.1313128
4.6247616
3.7752888
2.7701666
3.1203187
2.6493118
2.966328
2.3356407
3.6439962
3.2433362
1.1353087
2.836671
3.1362739
2.6099348
2.172644
3.1074524
2.837732
4.244812
4.65688
2.2760546
2.6762328
2.011231
3.7730157
2.6300871
3.8384342
2.2810147
3.202762
3.0130284
2.1099133
3.2985373
2.7032855
3.1569667
3.4097898
2.8414652
3.4056091
3.0820744
3.151372
3.0341146
2.8524334
2.5422873
3.1066134
1.669634
4.279196
3.1595583
3.0724223
2.9441566
2.8034065
3.6882555
3.2767363
3.1234353
4.51169
4.0167127
2.7635028
3.725146
3.8199055
3.3008873
3.195824
2.720002
2.6005757
2.4154806
4.2140894
2.748474
3.6346734
3.3550324
2.065051
2.2658076
3.245937
1.8001604
3.0660007
4.170763
3.5664704
2.8725872
2.7540848
2.979202
3.1098318
3.0819902
3.3277223
3.0625207
3.0978425
2.7977471
0.95352495
3.098966
3.0686133
4.034878
4.7024755
4.6344376
2.9891937
2.9305565
1.6404202
2.9891937
3.4650137
1.0205612
3.4319947
3.9620507
2.8280034
2.4102442
3.521589
3.5998333
1.8763207
2.523407
3.511339
2.8644483
1.9868908
2.9002845
2.8532877
2.5031435
2.5694287
4.59377
2.3720078
2.1014276
3.0805879
2.2318847
2.0096457
3.1529953
3.1203187
3.132435
2.836671
1.970859
1.8623569
2.8202858
2.7519464
3.3008873
2.9259562
4.2140894
1.8001604
2.8725872
3.03547
2.8671434
2.451324
3.3703444
3.2955353
3.9989207
3.1103399
2.8809412
3.5530982
2.6875737
2.710617
3.0145924
3.0188115
2.9292407
2.981053
3.2118773
3.2070117
2.9672565
1.7283337
2.642668
2.1789804
2.500282
2.8900363
3.38334
3.250285
4.0599804
3.0363243
3.373586
1.302391
3.546212
2.6034148
3.0165987
2.9165795
2.8965116
2.5052478
3.1493204
3.399802
2.413673
2.8801723
2.621379
3.0724864
2.6329746
2.2583473
4.5510435
2.9782846
3.1610377
1.5510285
2.2421236
1.5581505
4.166623
3.122597
3.5434272
4.2730346
3.2569559
2.6393926
2.9845257
3.086641
3.0456827
2.2641814
2.306379
3.5576227
2.543723
3.576759
2.042207
2.824806
2.4654
3.1209457
2.0361621
3.159324
2.558589
3.872369
3.9568627
3.0329897
3.0946414
1.4351363
3.2334146
3.0519512
1.4461181
1.4461181
3.0808914
2.5951176
2.9616868
2.3883271
2.5223897
3.8379462
3.0131938
3.4109645
2.807781
2.7701666
2.3228736
2.7502444
2.94829
2.5347264
2.403065
3.0452816
2.06647
3.0282667
3.1405604
3.3566487
3.2861936
2.811661
2.7989252
2.7910783
2.0361621
2.771377
2.1116407
2.7606685
3.866964
2.8157213
1.48581
1.8566027
3.1990447
2.9797676
2.0519023
2.9302623
3.5112174
4.0695844
3.3254306
2.9080093
3.4396706
3.656431
3.2566073
2.301314
3.1069608
3.0215197
2.4102466
2.4657762
2.922127
2.66266
